Title: (0,0) (2100,0) (0,425) (2100,425)
BaseClouds:(2100,0) (3625,0) (0,425) (3625,425)
RotatingWindMill:(0,425) (470,425) (0,875) (470,875)
RotatingWaterMill1: (831,425),(1530,425) ,(831,875),(1530,875)
RotatingWaterMill2:(1530,425),(2100,425),(1530,875),(2100,875)
StaticWaterMill:(0,875),(831,875),(0,1824),(831,1824)
StaticWindMill:(831,875),(1530,875),(831,1824),(1530,1824)
titleCloud1:(0,2050),(470,2050),(0,2789),(470,2789)
titleCloud2:(831,2050)(2100,2050),(831,2789),(2100,2789)
stars:(2100,425)(4052,425)(2100,1395)(4052,1395)
GeometricCircleGrid:(2100,1395)(4052,1395)(2100,2789)(4052,2789)
BabbageMachine:(831,2050)(2100,2050),(831,2789)(2100,2789)



HourGlassLeftPillar:(0,2790),(470,2790),(0,4156)(470,4156)
HourGlassRightPillar:(470,2790),(831,2790),(470,4156),(831,4156)
HourGlassBase:(2100,2790),(3625,3500)(2100,2790)(3625,3500)
HourGlassTop:(2100,3501),(3625,3501),(2100,4156),(3625,4156)


BGFutureBuild:(1530,875)(2100,1390)(1530,875)(2100,1390)
BGFutureBuild2:(4052,875),(5080,875),(4052,1395),(5080,1395)
ForeGroundRoad:(4052,0),(5080,425),(4052,0),(5080,425)
Train:(4052,1853),(5080,1853),(4052,1924)(5080,1924)
Bridge:(4052,1924)(5080,1924)(4052,2050)(5080,2050)


purpleClouds1:(4052,2050),(5080,2050),(4052,2790),(5080,2790)
purpleClouds2:(4052,2790),(5080,2790),(4052,3500),(5080,3500)
purpleClouds3:(4052,3500)(4156,3500)(4052,5081)(4156,5081)


peachClouds1:(4052,425)(4156,425)(4052,875)(4156,875)
peachClouds2:(4052,1395)(4156,1395)(4052,1824)(4156,1824)